


Table 25.  Percentages of Total Imported Crude Oil by API Gravity
           (Percent by Interval)
________________________________________________________________________________
                 |        |        |        |        |        |        |        
      Year       |  20.0  |  20.1  |  25.1  |  30.1  |  35.1  |  40.1  |  45.1  
      Month      |   or   |   to   |   to   |   to   |   to   |   to   |   or   
                 |  Less  |  25.0  |  30.0  |  35.0  |  40.0  |  45.0  | Greater
_________________|________|________|________|________|________|________|________
                                                                                
1983 ............    3.91    20.40    15.14    24.95    23.63     7.74     4.23 
1984 ............    6.48    20.52    11.59    21.05    25.75     8.12     6.48 
1985 ............    7.62    20.46    11.19    27.14    24.93     4.02     4.65 
1986 ............    5.54    19.36    14.12    27.49    25.74     3.65     4.11 
1987 ............    4.04    19.68    16.88    26.91    24.79     3.87     3.85 
1988 ............    3.52    18.27    15.99    30.72    24.45     4.04     3.02 
1989 ............    2.55    14.39    16.80    36.27    23.79     3.55     2.64 
1990 ............    3.64    14.96    18.13    34.44    23.21     2.94     2.67 
1991 ............    3.76    16.02    20.79    34.84    20.94     2.11     1.55 
1992 ............    4.05    17.64    22.41    31.38    20.49     3.00     1.04 
1993 ............    4.52    18.79    19.24    32.49    20.99     2.59     1.39 
1994 ............    3.80    18.98    18.46    30.77    23.37     2.75     1.87 
1995 ............    4.52    18.38    17.04    31.51    23.81     2.98     1.76 
1996 ............    4.58    20.88    14.69    32.92    23.51     1.95     1.47 
1997 ............    6.05    21.88    13.33    34.43    21.28     1.77     1.27 
1998 ............    5.84    20.29    13.99    35.62    20.81     1.88     1.57 
1999 ............    4.76    17.78    14.18    36.54    21.46     3.72     1.57 
2000 ............    6.21    18.88    13.41    36.90    19.83     3.44     1.35 
2001 ............    7.97    20.78    11.60    36.10    19.63     2.71     1.21 
2002 ............    8.28    22.29    11.44    35.28    18.29     2.67     1.75 
2003 ............    8.29    24.25     9.97    35.60    17.19     2.70     1.99 
2004 ............   11.13    23.70     8.18    34.57    17.68     2.10     2.64 
2005 ............   11.94    22.83    10.20    31.87    16.92     3.68     2.55 
2006.............   13.04    23.28    11.18    28.22    15.73     5.82     2.74 
                                                                                
2007                                                                            
    January......   10.46    22.34    12.88    26.74    17.15     6.58     3.85 
    February.....   12.26    22.96    10.10    30.82    14.64     4.83     4.39 
    March........   12.30    23.57     9.60    31.11    15.15     5.95     2.31 
    April........   10.85    21.63    10.19    30.54    17.47     5.85     3.47 
    May..........   11.17    24.46    10.05    26.46    18.04     5.34     4.47 
    June.........   10.02    25.52    10.09    29.09    16.99     5.67     2.63 
    July.........   11.00    26.79    11.22    24.97    15.89     6.15     3.97 
    August.......   13.27    20.75    13.06    26.75    17.40     6.48     2.29 
    September....   13.62    20.06    14.23    28.05    18.21     5.39     0.45 
    October......   12.79    20.90    13.21    28.62    18.73     4.06     1.69 
    November.....   10.01    26.18    11.71    30.14    15.68     4.56     1.73 
    December.....   12.99    21.96     7.29    33.45    14.91     6.09     3.31 
2007.............   11.72    23.12    11.18    28.86    16.71     5.57     2.84 
                                                                                
2008                                                                            
    January......   11.74    24.43     9.36    32.20    15.72     4.75     1.80 
    February.....   12.00    23.33    11.15    33.56    15.44     2.64     1.88 
    March........   11.13    23.33    13.36    30.83    14.47     5.08     1.80 
    April........   13.77    20.82    11.41    34.50    11.33     4.83     3.36 
    May..........   13.10    20.92    11.91    30.92    16.40     4.67     2.08 
    June.........   12.29    21.50    15.49    31.85    13.38     3.42     2.06 
    July.........   14.70    22.99    11.48    28.22    14.69     4.10     3.82 
    August.......   14.83    24.10    11.52    27.68    16.85     3.75     1.27 
    September....   13.68    23.09    13.97    24.20    15.86     6.03     3.17 
    October......   13.91    23.93    10.37    29.45    13.82     4.68     3.84 
    November.....   13.27    27.27     9.68    27.98    15.58     4.06     2.17 
    December.....   14.56    27.12     7.89    33.15    11.78     2.97     2.53 
2008.............   13.22    23.50    11.51    30.42    14.64     4.24     2.47 
                                                                                
2009                                                                            
    January......   16.30    24.97     7.86    32.35    10.93     4.60     2.99 
    February.....   12.14    30.64     7.64    28.12    15.05     4.05     2.36 
    March........   12.97    27.81     8.72    30.15    11.67     6.51     2.18 
    April........   12.50    27.91     9.35    33.21    10.19     4.95     1.89 
    May..........   13.87    29.92    11.12    26.09    11.75     4.83     2.43 
    June.........   13.22    25.97     8.44    30.77    13.86     3.79     3.96 
    July.........   12.56    25.51     7.72    29.42    14.98     6.64     3.17 
    August.......   15.89    24.89     8.16    25.91    14.84     7.42     2.89 
    September....   16.26    24.46     8.13    29.51    10.99     7.31     3.35 
    October......   16.84    22.41     6.60    26.95    19.35     4.83     3.03 
    November.....   13.50    26.66     3.35    31.50    16.79     5.73     2.47 
    December.....   12.77    22.84     5.73    32.66    15.52     6.73     3.75 
2009.............   14.08    26.11     7.78    29.74    13.76     5.65     2.88 
________________________________________________________________________________

   Notes:  Values reflect the month of acquisition, which can be the month of
loading, the month of landing, or sometime between those events.  Prices for
crude oil can be determined at a time other than the acquisition date.  See the
Explanatory Notes section for additional detail.
  Sources:  Energy Information Administration, Form EP-51, "Monthly Foreign
Crude Oil Transaction Report," January 1983 through June 1984; Form EIA-856,
"Monthly Foreign Crude Oil Acquisition Report," July 1984 to present.
