


Table 28.  Percentages of Total Imported Crude Oil by API Gravity
           (Percent by Interval)
________________________________________________________________________________
                 |        |        |        |        |        |        |        
      Year       |  20.0  |  20.1  |  25.1  |  30.1  |  35.1  |  40.1  |  45.1  
      Month      |   or   |   to   |   to   |   to   |   to   |   to   |   or   
                 |  Less  |  25.0  |  30.0  |  35.0  |  40.0  |  45.0  | Greater
_________________|________|________|________|________|________|________|________
                                                                                
1978 ............    1.26     3.57     7.93    38.79    31.66    13.48     3.31 
1979 ............    1.65     3.96     8.45    38.98    30.64    13.36     2.96 
1980 ............    1.70     6.18     9.25    38.43    27.02    13.56     3.85 
1981 ............    2.19     8.88     9.46    37.37    26.60    12.53     2.98 
1982 ............    3.39    14.90    11.72    35.58    23.76     8.44     2.20 
1983 ............    3.91    20.40    15.14    24.95    23.63     7.74     4.23 
1984 ............    6.48    20.52    11.59    21.05    25.75     8.12     6.48 
1985 ............    7.62    20.46    11.19    27.14    24.93     4.02     4.65 
1986 ............    5.54    19.36    14.12    27.49    25.74     3.65     4.11 
1987 ............    4.04    19.68    16.88    26.91    24.79     3.87     3.85 
1988 ............    3.52    18.27    15.99    30.72    24.45     4.04     3.02 
1989 ............    2.55    14.39    16.80    36.27    23.79     3.55     2.64 
1990 ............    3.64    14.96    18.13    34.44    23.21     2.94     2.67 
1991 ............    3.76    16.02    20.79    34.84    20.94     2.11     1.55 
1992 ............    4.05    17.64    22.41    31.38    20.49     3.00     1.04 
1993 ............    4.52    18.79    19.24    32.49    20.99     2.59     1.39 
1994 ............    3.80    18.98    18.46    30.77    23.37     2.75     1.87 
1995 ............    4.52    18.38    17.04    31.51    23.81     2.98     1.76 
1996 ............    4.58    20.88    14.69    32.92    23.51     1.95     1.47 
                                                                                
1997                                                                            
    January......    4.81    21.56    12.96    34.96    21.61     2.76     1.34 
    February.....    4.66    22.18    15.45    29.96    24.56     2.33     0.86 
    March........    5.24    21.60    12.11    36.02    21.09     2.14     1.80 
    April........    6.80    20.41    14.34    32.48    22.99     1.79     1.20 
    May..........    6.62    21.61    13.24    33.72    21.18     2.58     1.05 
    June.........    5.61    21.19    14.03    34.45    21.17     2.02     1.54 
    July.........    7.08    22.27    14.68    32.31    21.71     0.86     1.09 
    August.......    6.24    23.33    11.33    36.18    20.93     0.81     1.19 
    September....    6.20    23.75    11.30    35.13    20.15     1.58     1.89 
    October......    6.93    19.41    14.15    36.46    20.45     1.20     1.40 
    November.....    6.35    21.54    13.00    36.42    20.16     1.69     0.85 
    December.....    5.69    23.46    14.04    34.22    20.02     1.64     0.92 
1997 ............    6.05    21.88    13.33    34.43    21.28     1.77     1.27 
                                                                                
1998                                                                            
    January......    5.17    24.45    13.19    30.90    22.30     3.08     0.91 
    February.....    5.76    22.27    14.02    29.24    24.35     2.06     2.30 
    March........    6.88    21.12    14.05    34.06    20.89     2.10     0.89 
    April........    6.70    21.71    17.53    30.78    20.20     1.89     1.19 
    May..........    4.87    20.34    14.47    32.73    23.37     2.28     1.95 
    June.........    5.66    20.67    14.58    36.82    20.08     0.98     1.22 
    July.........    5.91    18.04    14.65    39.69    17.80     2.19     1.70 
    August.......    5.01    19.00    13.41    39.86    18.84     1.58     2.30 
    September....    5.87    20.51    11.47    38.97    19.75     1.55     1.89 
    October......    6.97    18.31    11.80    38.98    21.02     1.28     1.64 
    November.....    5.68    19.24    15.59    33.25    23.69     0.63     1.90 
    December.....    5.65    18.38    13.01    41.26    17.97     2.79     0.95 
1998 ............    5.84    20.29    13.99    35.62    20.81     1.88     1.57 
                                                                                
1999                                                                            
    January......    5.01    18.27    12.75    39.63    19.16     3.64     1.53 
    February.....    4.37    17.96    13.84    35.75    23.81     2.51     1.75 
    March........    5.95    17.75    13.85    36.57    20.91     3.46     1.51 
    April........    5.54    16.74    14.23    33.86    24.04     3.46     2.14 
    May..........    4.00    17.81    13.96    36.41    22.34     3.51     1.96 
    June.........    4.44    18.62    15.44    34.20    21.56     4.25     1.49 
    July.........    5.38    15.93    12.83    40.28    20.44     3.88     1.27 
    August.......    4.17    16.46    15.42    36.01    23.21     3.05     1.68 
    September....    3.71    15.97    14.58    37.66    23.24     3.65     1.18 
    October......    3.24    17.87    12.48    37.41    23.25     3.85     1.89 
    November.....    5.78    20.05    15.56    32.58    19.47     4.80     1.77 
    December.....    5.77    21.02    15.71    37.29    14.76     4.94     0.51 
1999 ............    4.76    17.78    14.18    36.54    21.46     3.72     1.57 
________________________________________________________________________________

   Notes:  Values through 1980 reflect the month of reporting; values since then
reflect the month of acquisition, which can be the month of loading, the month
of landing, or sometime between those events.  Prices for crude oil can be
determined at a time other than the acquisition date.  See the Explanatory Notes
section for additional detail.
  Notes:  Values for the current 2 months are preliminary. Values shown for
previous months are revised. Data are final upon publication in the  Petroleum
Marketing Annual.



  Sources:  Energy Information Administration, Form FEA-F701-M-0, "Transfer
Pricing Report," January 1978 through December 1978;  Form ERA-51, "Transfer
Pricing Report," January 1979 through September 1982; Form EP-51, "Monthly
Foreign Crude Oil Transaction Report," October 1982 through June 1984; Form
EIA-856, "Monthly Foreign Crude Oil Acquisition Report," July 1984 to present.
