


Table 28.  Percentages of Total Imported Crude Oil by API Gravity
           (Percent by Interval)
________________________________________________________________________________
                 |        |        |        |        |        |        |        
      Year       |  20.0  |  20.1  |  25.1  |  30.1  |  35.1  |  40.1  |  45.1  
      Month      |   or   |   to   |   to   |   to   |   to   |   to   |   or   
                 |  Less  |  25.0  |  30.0  |  35.0  |  40.0  |  45.0  | Greater
_________________|________|________|________|________|________|________|________
                                                                                
1978 ............    1.26     3.57     7.93    38.79    31.66    13.48     3.31 
1979 ............    1.65     3.96     8.45    38.98    30.64    13.36     2.96 
1980 ............    1.70     6.18     9.25    38.43    27.02    13.56     3.85 
1981 ............    2.19     8.88     9.46    37.37    26.60    12.53     2.98 
1982 ............    3.39    14.90    11.72    35.58    23.76     8.44     2.20 
1983 ............    3.91    20.40    15.14    24.95    23.63     7.74     4.23 
1984 ............    6.48    20.52    11.59    21.05    25.75     8.12     6.48 
1985 ............    7.62    20.46    11.19    27.14    24.93     4.02     4.65 
1986 ............    5.54    19.36    14.12    27.49    25.74     3.65     4.11 
1987 ............    4.04    19.68    16.88    26.91    24.79     3.87     3.85 
1988 ............    3.52    18.27    15.99    30.72    24.45     4.04     3.02 
1989 ............    2.55    14.39    16.80    36.27    23.79     3.55     2.64 
1990 ............    3.64    14.96    18.13    34.44    23.21     2.94     2.67 
1991 ............    3.76    16.02    20.79    34.84    20.94     2.11     1.55 
1992 ............    4.05    17.64    22.41    31.38    20.49     3.00     1.04 
1993 ............    4.52    18.79    19.24    32.49    20.99     2.59     1.39 
1994 ............    3.80    18.98    18.46    30.77    23.37     2.75     1.87 
1995 ............    4.52    18.38    17.04    31.51    23.81     2.98     1.76 
1996 ............    4.58    20.88    14.69    32.92    23.51     1.95     1.47 
1997 ............    6.05    21.88    13.33    34.43    21.28     1.77     1.27 
1998 ............    5.84    20.29    13.99    35.62    20.81     1.88     1.57 
1999 ............    4.76    17.78    14.18    36.54    21.46     3.72     1.57 
2000 ............    6.21    18.88    13.41    36.90    19.83     3.44     1.35 
2001 ............    7.97    20.78    11.60    36.10    19.63     2.71     1.21 
2002 ............    8.28    22.29    11.44    35.28    18.29     2.67     1.75 
2003 ............    8.29    24.25     9.97    35.60    17.19     2.70     1.99 
                                                                                
2004                                                                            
    January......   10.67    23.69     7.94    33.76    19.87     2.46     1.61 
    February.....    9.17    23.18     8.91    35.61    19.72     1.08     2.33 
    March........    9.88    23.11     7.43    34.53    19.21     2.08     3.76 
    April........   10.35    25.25     6.72    36.81    16.36     2.06     2.46 
    May..........   10.21    23.83     7.06    35.82    18.76     1.74     2.58 
    June.........   11.26    22.38    10.12    34.25    16.92     2.55     2.53 
    July.........   13.04    21.03     7.08    35.64    16.96     3.51     2.75 
    August.......   12.02    24.60     7.20    33.23    17.64     1.55     3.75 
    September....   10.67    25.48     9.21    33.51    16.52     2.41     2.20 
    October......   11.11    25.36     8.15    34.21    16.96     1.67     2.54 
    November.....   12.12    23.25     9.01    35.50    16.31     0.76     3.05 
    December.....   12.80    23.59     9.50    31.78    17.04     3.15     2.15 
2004 ............   11.13    23.70     8.18    34.57    17.68     2.10     2.64 
                                                                                
2005                                                                            
    January......   12.20    24.98    11.32    30.47    16.64     2.44     1.94 
    February.....   11.51    26.19     8.23    32.31    16.50     2.41     2.84 
    March........   12.60    24.19     8.10    32.07    17.72     2.86     2.47 
    April........   11.87    23.06     8.85    35.67    16.01     2.03     2.51 
    May..........   11.66    23.15     7.43    35.90    16.64     3.15     2.07 
    June.........   12.03    23.00     8.44    31.14    17.79     3.66     3.95 
    July.........   12.51    21.69     8.95    30.47    17.45     5.58     3.35 
    August.......   13.17    23.99    13.09    24.54    19.46     3.83     1.91 
    September....   11.89    19.91    10.75    30.65    17.06     7.26     2.49 
    October......   10.83    20.61    12.14    31.72    17.64     5.25     1.81 
    November.....   10.06    21.68    13.64    34.54    14.91     3.06     2.10 
    December.....   12.76    21.40    11.82    32.79    15.23     2.94     3.05 
2005 ............   11.94    22.83    10.20    31.87    16.92     3.68     2.55 
                                                                                
2006                                                                            
    January......   12.89    23.15     9.07    32.64    16.11     3.13     3.00 
    February.....   12.92    26.25     9.59    26.89    17.40     5.47     1.47 
    March........   13.51    23.10    10.48    30.42    15.77     3.96     2.74 
    April........   11.78    23.10    12.83    30.97    12.65     6.16     2.52 
    May..........   12.17    22.96    11.82    28.17    14.48     8.36     2.05 
    June.........   11.29    24.14    10.26    27.21    16.71     6.66     3.73 
    July.........   12.62    23.42    13.58    25.12    15.12     7.15     2.99 
    August.......   14.77    22.21    11.45    26.61    15.12     6.36     3.49 
    September....   13.49    21.86    12.14    26.72    16.40     6.67     2.73 
    October......   14.36    22.19    10.61    27.52    16.28     5.99     3.05 
    November.....   13.70    23.46     9.75    29.95    16.75     4.65     1.74 
    December.....   12.91    23.73    12.37    26.49    16.00     5.30     3.20 
2006.............   13.04    23.28    11.18    28.22    15.73     5.82     2.74 
________________________________________________________________________________

   Notes:  Values through 1980 reflect the month of reporting; values since then
reflect the month of acquisition, which can be the month of loading, the month
of landing, or sometime between those events.  Prices for crude oil can be
determined at a time other than the acquisition date.  See the Explanatory Notes
section for additional detail.



  Sources:  Energy Information Administration, Form FEA-F701-M-0, "Transfer
Pricing Report," January 1978 through December 1978;  Form ERA-51, "Transfer
Pricing Report," January 1979 through September 1982; Form EP-51, "Monthly
Foreign Crude Oil Transaction Report," October 1982 through June 1984; Form
EIA-856, "Monthly Foreign Crude Oil Acquisition Report," July 1984 to present.
